== host
  label:      conpty
  os:         windows
  arch:       x86_64
  cpus:       2
  load:       unreported
  size:       80x24
  engine:     C:\Users\Administrator\nvim-win64\bin\nvim.exe
  version:    NVIM v0.12.4
  source:     fnv1a-64 7bf5482143b17c5f over 24475 bytes
  child TERM: xterm-256color, COLORTERM truecolor
  queries:    answered as a full-tier terminal
  cursor pos: answered by this capture
  script:     ihello world<Esc>0x (corpus/insert-basic.toml)

== startup stream
  painted:  true
  cpr answered: 1
  bytes:    5690
  escaped:
    \x1b[6n\x1b[?9001h\x1b[?1004h\x1b[m\x1b]0;C:\\Users\\Administrator\\
    nvim-win64\\bin\\nvim.exe\x07\x1b[?25h\x1b[?1049h\x1b[22;0;0t\x1b[2J
    \x1b[?2004h\x1b[?u\x1b[?25l\x1b[K\x0d\x0a\x1b[K\x0d\x0a\x1b[K\x0d\x0
    a\x1b[K\x0d\x0a\x1b[K\x0d\x0a\x1b[K\x0d\x0a\x1b[K\x0d\x0a\x1b[K\x0d\
    x0a\x1b[K\x0d\x0a\x1b[K\x0d\x0a\x1b[K\x0d\x0a\x1b[K\x0d\x0a\x1b[K\x0
    d\x0a\x1b[K\x0d\x0a\x1b[K\x0d\x0a\x1b[K\x0d\x0a\x1b[K\x0d\x0a\x1b[K\
    x0d\x0a\x1b[K\x0d\x0a\x1b[K\x0d\x0a\x1b[K\x0d\x0a\x1b[K\x0d\x0a\x1b[
    K\x0d\x0a\x1b[K\x1b[H\x1b[?25h\x1b[>4;2m\x1b[1 q\x1b[?1002h\x1b[?100
    6h\x1b[?25l                                                         
                                                                        
                                                                        
                                                                        
                                                                        
                                                                        
                                                                        
                                                                        
                                                                        
                                                                        
                                                                        
                                                                        
                                                                        
                                                                        
                                                                        
                                                                        
                                                                        
                                                                        
                                                                        
                                                                        
                                                                        
                                                                        
                                                                        
                                                                        
                                                                        
                                                                        
                                                                        
                                                                        
                               \x1b[H\x1b[?25h\x1b[2 q\x1b[2 q\x1b[?25l\
    x1b[38;2;224;226;234m\x1b[48;2;20;22;27m                            
                                                        \x1b[38;2;79;82;
    88m~                                                                
                   ~                                                    
                               ~                                    \x1b
    [36X\x1b[38;2;140;248;247m\xe2\x94\x82 \x1b[38;2;179;246;192m\xe2\x9
    5\xb2 \xe2\x94\x82\xe2\x94\x82                                     \
    x1b[38;2;79;82;88m~                                    \x1b[36X\x1b[
    38;2;140;248;247m\xe2\x94\x82\xe2\x94\x82\x1b[38;2;179;246;192m\xe2\
    x95\xb2\xe2\x95\xb2\xe2\x94\x82\xe2\x94\x82                         
                \x1b[38;2;79;82;88m~                                    
    \x1b[36X\x1b[38;2;140;248;247m\xe2\x94\x82\xe2\x94\x82 \x1b[38;2;179
    ;246;192m\xe2\x95\xb2 \xe2\x94\x82                                  
       \x1b[38;2;79;82;88m~                                             
                                      ~                                 
    \x1b[33X\x1b[38;2;179;246;192mNVIM v0.12.4                          
            \x1b[38;2;79;82;88m~                 \xe2\x94\x80\xe2\x94\x8
    0\xe2\x94\x80\xe2\x94\x80\xe2\x94\x80\xe2\x94\x80\xe2\x94\x80\xe2\x9
    4\x80\xe2\x94\x80\xe2\x94\x80\xe2\x94\x80\xe2\x94\x80\xe2\x94\x80\xe
    2\x94\x80\xe2\x94\x80\xe2\x94\x80\xe2\x94\x80\xe2\x94\x80\xe2\x94\x8
    0\xe2\x94\x80\xe2\x94\x80\xe2\x94\x80\xe2\x94\x80\xe2\x94\x80\xe2\x9
    4\x80\xe2\x94\x80\xe2\x94\x80\xe2\x94\x80\xe2\x94\x80\xe2\x94\x80\xe
    2\x94\x80\xe2\x94\x80\xe2\x94\x80\xe2\x94\x80\xe2\x94\x80\xe2\x94\x8
    0\xe2\x94\x80\xe2\x94\x80\xe2\x94\x80\xe2\x94\x80\xe2\x94\x80\xe2\x9
    4\x80\xe2\x94\x80\xe2\x94\x80                  ~                 \x1
    b[17X\x1b[38;2;224;226;234mNvim is open source and freely distributa
    ble                  \x1b[38;2;79;82;88m~                           
    \x1b[27X\x1b[38;2;224;226;234mhttps://neovim.io/#chat               
                  \x1b[38;2;79;82;88m~                 \xe2\x94\x80\xe2\
    x94\x80\xe2\x94\x80\xe2\x94\x80\xe2\x94\x80\xe2\x94\x80\xe2\x94\x80\
    xe2\x94\x80\xe2\x94\x80\xe2\x94\x80\xe2\x94\x80\xe2\x94\x80\xe2\x94\
    x80\xe2\x94\x80\xe2\x94\x80\xe2\x94\x80\xe2\x94\x80\xe2\x94\x80\xe2\
    x94\x80\xe2\x94\x80\xe2\x94\x80\xe2\x94\x80\xe2\x94\x80\xe2\x94\x80\
    xe2\x94\x80\xe2\x94\x80\xe2\x94\x80\xe2\x94\x80\xe2\x94\x80\xe2\x94\
    x80\xe2\x94\x80\xe2\x94\x80\xe2\x94\x80\xe2\x94\x80\xe2\x94\x80\xe2\
    x94\x80\xe2\x94\x80\xe2\x94\x80\xe2\x94\x80\xe2\x94\x80\xe2\x94\x80\
    xe2\x94\x80\xe2\x94\x80\xe2\x94\x80                  ~              
       \x1b[17X\x1b[38;2;224;226;234mtype  \x1b[38;2;140;248;247m:\x1b[3
    8;2;166;219;255mhelp nvim\x1b[38;2;140;248;247m<Enter>     \x1b[38;2
    ;224;226;234mif you are new!                   \x1b[38;2;79;82;88m~ 
                    \x1b[17X\x1b[38;2;224;226;234mtype  \x1b[38;2;140;24
    8;247m:\x1b[38;2;166;219;255mcheckhealth\x1b[38;2;140;248;247m<Enter
    >   \x1b[38;2;224;226;234mto optimize Nvim                  \x1b[38;
    2;79;82;88m~                 \x1b[17X\x1b[38;2;224;226;234mtype  \x1
    b[38;2;140;248;247m:\x1b[38;2;166;219;255mq\x1b[38;2;140;248;247m<En
    ter>             \x1b[13X\x1b[38;2;224;226;234mto exit              
                 \x1b[38;2;79;82;88m~                 \x1b[17X\x1b[38;2;
    224;226;234mtype  \x1b[38;2;140;248;247m:\x1b[38;2;166;219;255mhelp\
    x1b[38;2;140;248;247m<Enter>          \x1b[10X\x1b[38;2;224;226;234m
    for help                          \x1b[38;2;79;82;88m~              
       \xe2\x94\x80\xe2\x94\x80\xe2\x94\x80\xe2\x94\x80\xe2\x94\x80\xe2\
    x94\x80\xe2\x94\x80\xe2\x94\x80\xe2\x94\x80\xe2\x94\x80\xe2\x94\x80\
    xe2\x94\x80\xe2\x94\x80\xe2\x94\x80\xe2\x94\x80\xe2\x94\x80\xe2\x94\
    x80\xe2\x94\x80\xe2\x94\x80\xe2\x94\x80\xe2\x94\x80\xe2\x94\x80\xe2\
    x94\x80\xe2\x94\x80\xe2\x94\x80\xe2\x94\x80\xe2\x94\x80\xe2\x94\x80\
    xe2\x94\x80\xe2\x94\x80\xe2\x94\x80\xe2\x94\x80\xe2\x94\x80\xe2\x94\
    x80\xe2\x94\x80\xe2\x94\x80\xe2\x94\x80\xe2\x94\x80\xe2\x94\x80\xe2\
    x94\x80\xe2\x94\x80\xe2\x94\x80\xe2\x94\x80\xe2\x94\x80             
         ~                 \x1b[17X\x1b[38;2;224;226;234mtype  \x1b[38;2
    ;140;248;247m:\x1b[38;2;166;219;255mhelp news\x1b[38;2;140;248;247m<
    Enter>     \x1b[38;2;224;226;234mfor v0.12 notes                   \
    x1b[38;2;79;82;88m~                 \xe2\x94\x80\xe2\x94\x80\xe2\x94
    \x80\xe2\x94\x80\xe2\x94\x80\xe2\x94\x80\xe2\x94\x80\xe2\x94\x80\xe2
    \x94\x80\xe2\x94\x80\xe2\x94\x80\xe2\x94\x80\xe2\x94\x80\xe2\x94\x80
    \xe2\x94\x80\xe2\x94\x80\xe2\x94\x80\xe2\x94\x80\xe2\x94\x80\xe2\x94
    \x80\xe2\x94\x80\xe2\x94\x80\xe2\x94\x80\xe2\x94\x80\xe2\x94\x80\xe2
    \x94\x80\xe2\x94\x80\xe2\x94\x80\xe2\x94\x80\xe2\x94\x80\xe2\x94\x80
    \xe2\x94\x80\xe2\x94\x80\xe2\x94\x80\xe2\x94\x80\xe2\x94\x80\xe2\x94
    \x80\xe2\x94\x80\xe2\x94\x80\xe2\x94\x80\xe2\x94\x80\xe2\x94\x80\xe2
    \x94\x80\xe2\x94\x80                  ~                        \x1b[
    24X\x1b[38;2;224;226;234mHelp poor children in Uganda!              
                \x1b[38;2;79;82;88m~                 \x1b[17X\x1b[38;2;2
    24;226;234mtype  \x1b[38;2;140;248;247m:\x1b[38;2;166;219;255mhelp K
    uwasha\x1b[38;2;140;248;247m<Enter>  \x1b[38;2;224;226;234mfor infor
    mation                   \x1b[38;2;79;82;88m~                       
                                                            \x1b[38;2;22
    4;226;234m\x1b[48;2;79;82;88m[No Name]                              
                           0,0-1          All\x1b[48;2;20;22;27m        
                                                                        
        \x1b[H\x1b[?25h\x1b[?1004h\x1b[m
  hex:
    1b 5b 36 6e 1b 5b 3f 39 30 30 31 68 1b 5b 3f 31 30 30 34 68 1b 5b 6d
     1b 5d 30 3b 43 3a 5c 55 73 65 72 73 5c 41 64 6d 69 6e 69 73 74 72 6
    1 74 6f 72 5c 6e 76 69 6d 2d 77 69 6e 36 34 5c 62 69 6e 5c 6e 76 69 
    6d 2e 65 78 65 07 1b 5b 3f 32 35 68 1b 5b 3f 31 30 34 39 68 1b 5b 32
     32 3b 30 3b 30 74 1b 5b 32 4a 1b 5b 3f 32 30 30 34 68 1b 5b 3f 75 1
    b 5b 3f 32 35 6c 1b 5b 4b 0d 0a 1b 5b 4b 0d 0a 1b 5b 4b 0d 0a 1b 5b 
    4b 0d 0a 1b 5b 4b 0d 0a 1b 5b 4b 0d 0a 1b 5b 4b 0d 0a 1b 5b 4b 0d 0a
     1b 5b 4b 0d 0a 1b 5b 4b 0d 0a 1b 5b 4b 0d 0a 1b 5b 4b 0d 0a 1b 5b 4
    b 0d 0a 1b 5b 4b 0d 0a 1b 5b 4b 0d 0a 1b 5b 4b 0d 0a 1b 5b 4b 0d 0a 
    1b 5b 4b 0d 0a 1b 5b 4b 0d 0a 1b 5b 4b 0d 0a 1b 5b 4b 0d 0a 1b 5b 4b
     0d 0a 1b 5b 4b 0d 0a 1b 5b 4b 1b 5b 48 1b 5b 3f 32 35 68 1b 5b 3e 3
    4 3b 32 6d 1b 5b 31 20 71 1b 5b 3f 31 30 30 32 68 1b 5b 3f 31 30 30 
    36 68 1b 5b 3f 32 35 6c 20 20 20 20 20 20 20 20 20 20 20 20 20 20 20
     20 20 20 20 20 20 20 20 20 20 20 20 20 20 20 20 20 20 20 20 20 20 2
    0 20 20 20 20 20 20 20 20 20 20 20 20 20 20 20 20 20 20 20 20 20 20 
    20 20 20 20 20 20 20 20 20 20 20 20 20 20 20 20 20 20 20 20 20 20 20
     20 20 20 20 20 20 20 20 20 20 20 20 20 20 20 20 20 20 20 20 20 20 2
    0 20 20 20 20 20 20 20 20 20 20 20 20 20 20 20 20 20 20 20 20 20 20 
    20 20 20 20 20 20 20 20 20 20 20 20 20 20 20 20 20 20 20 20 20 20 20
     20 20 20 20 20 20 20 20 20 20 20 20 20 20 20 20 20 20 20 20 20 20 2
    0 20 20 20 20 20 20 20 20 20 20 20 20 20 20 20 20 20 20 20 20 20 20 
    20 20 20 20 20 20 20 20 20 20 20 20 20 20 20 20 20 20 20 20 20 20 20
     20 20 20 20 20 20 20 20 20 20 20 20 20 20 20 20 20 20 20 20 20 20 2
    0 20 20 20 20 20 20 20 20 20 20 20 20 20 20 20 20 20 20 20 20 20 20 
    20 20 20 20 20 20 20 20 20 20 20 20 20 20 20 20 20 20 20 20 20 20 20
     20 20 20 20 20 20 20 20 20 20 20 20 20 20 20 20 20 20 20 20 20 20 2
    0 20 20 20 20 20 20 20 20 20 20 20 20 20 20 20 20 20 20 20 20 20 20 
    20 20 20 20 20 20 20 20 20 20 20 20 20 20 20 20 20 20 20 20 20 20 20
     20 20 20 20 20 20 20 20 20 20 20 20 20 20 20 20 20 20 20 20 20 20 2
    0 20 20 20 20 20 20 20 20 20 20 20 20 20 20 20 20 20 20 20 20 20 20 
    20 20 20 20 20 20 20 20 20 20 20 20 20 20 20 20 20 20 20 20 20 20 20
     20 20 20 20 20 20 20 20 20 20 20 20 20 20 20 20 20 20 20 20 20 20 2
    0 20 20 20 20 20 20 20 20 20 20 20 20 20 20 20 20 20 20 20 20 20 20 
    20 20 20 20 20 20 20 20 20 20 20 20 20 20 20 20 20 20 20 20 20 20 20
     20 20 20 20 20 20 20 20 20 20 20 20 20 20 20 20 20 20 20 20 20 20 2
    0 20 20 20 20 20 20 20 20 20 20 20 20 20 20 20 20 20 20 20 20 20 20 
    20 20 20 20 20 20 20 20 20 20 20 20 20 20 20 20 20 20 20 20 20 20 20
     20 20 20 20 20 20 20 20 20 20 20 20 20 20 20 20 20 20 20 20 20 20 2
    0 20 20 20 20 20 20 20 20 20 20 20 20 20 20 20 20 20 20 20 20 20 20 
    20 20 20 20 20 20 20 20 20 20 20 20 20 20 20 20 20 20 20 20 20 20 20
     20 20 20 20 20 20 20 20 20 20 20 20 20 20 20 20 20 20 20 20 20 20 2
    0 20 20 20 20 20 20 20 20 20 20 20 20 20 20 20 20 20 20 20 20 20 20 
    20 20 20 20 20 20 20 20 20 20 20 20 20 20 20 20 20 20 20 20 20 20 20
     20 20 20 20 20 20 20 20 20 20 20 20 20 20 20 20 20 20 20 20 20 20 2
    0 20 20 20 20 20 20 20 20 20 20 20 20 20 20 20 20 20 20 20 20 20 20 
    20 20 20 20 20 20 20 20 20 20 20 20 20 20 20 20 20 20 20 20 20 20 20
     20 20 20 20 20 20 20 20 20 20 20 20 20 20 20 20 20 20 20 20 20 20 2
    0 20 20 20 20 20 20 20 20 20 20 20 20 20 20 20 20 20 20 20 20 20 20 
    20 20 20 20 20 20 20 20 20 20 20 20 20 20 20 20 20 20 20 20 20 20 20
     20 20 20 20 20 20 20 20 20 20 20 20 20 20 20 20 20 20 20 20 20 20 2
    0 20 20 20 20 20 20 20 20 20 20 20 20 20 20 20 20 20 20 20 20 20 20 
    20 20 20 20 20 20 20 20 20 20 20 20 20 20 20 20 20 20 20 20 20 20 20
     20 20 20 20 20 20 20 20 20 20 20 20 20 20 20 20 20 20 20 20 20 20 2
    0 20 20 20 20 20 20 20 20 20 20 20 20 20 20 20 20 20 20 20 20 20 20 
    20 20 20 20 20 20 20 20 20 20 20 20 20 20 20 20 20 20 20 20 20 20 20
     20 20 20 20 20 20 20 20 20 20 20 20 20 20 20 20 20 20 20 20 20 20 2
    0 20 20 20 20 20 20 20 20 20 20 20 20 20 20 20 20 20 20 20 20 20 20 
    20 20 20 20 20 20 20 20 20 20 20 20 20 20 20 20 20 20 20 20 20 20 20
     20 20 20 20 20 20 20 20 20 20 20 20 20 20 20 20 20 20 20 20 20 20 2
    0 20 20 20 20 20 20 20 20 20 20 20 20 20 20 20 20 20 20 20 20 20 20 
    20 20 20 20 20 20 20 20 20 20 20 20 20 20 20 20 20 20 20 20 20 20 20
     20 20 20 20 20 20 20 20 20 20 20 20 20 20 20 20 20 20 20 20 20 20 2
    0 20 20 20 20 20 20 20 20 20 20 20 20 20 20 20 20 20 20 20 20 20 20 
    20 20 20 20 20 20 20 20 20 20 20 20 20 20 20 20 20 20 20 20 20 20 20
     20 20 20 20 20 20 20 20 20 20 20 20 20 20 20 20 20 20 20 20 20 20 2
    0 20 20 20 20 20 20 20 20 20 20 20 20 20 20 20 20 20 20 20 20 20 20 
    20 20 20 20 20 20 20 20 20 20 20 20 20 20 20 20 20 20 20 20 20 20 20
     20 20 20 20 20 20 20 20 20 20 20 20 20 20 20 20 20 20 20 20 20 20 2
    0 20 20 20 20 20 20 20 20 20 20 20 20 20 20 20 20 20 20 20 20 20 20 
    20 20 20 20 20 20 20 20 20 20 20 20 20 20 20 20 20 20 20 20 20 20 20
     20 20 20 20 20 20 20 20 20 20 20 20 20 20 20 20 20 20 20 20 20 20 2
    0 20 20 20 20 20 20 20 20 20 20 20 20 20 20 20 20 20 20 20 20 20 20 
    20 20 20 20 20 20 20 20 20 20 20 20 20 20 20 20 20 20 20 20 20 20 20
     20 20 20 20 20 20 20 20 20 20 20 20 20 20 20 20 20 20 20 20 20 20 2
    0 20 20 20 20 20 20 20 20 20 20 20 20 20 20 20 20 20 20 20 20 20 20 
    20 20 20 20 20 20 20 20 20 20 20 20 20 20 20 20 20 20 20 20 20 20 20
     20 20 20 20 20 20 20 20 20 20 20 20 20 20 20 20 20 20 20 20 20 20 2
    0 20 20 20 20 20 20 20 20 20 20 20 20 20 20 20 20 20 20 20 20 20 20 
    20 20 20 20 20 20 20 20 20 20 20 20 20 20 20 20 20 20 20 20 20 20 20
     20 20 20 20 20 20 20 20 20 20 20 20 20 20 20 20 20 20 20 20 20 20 2
    0 20 20 20 20 20 20 20 20 20 20 20 20 20 20 20 20 20 20 20 20 20 20 
    20 20 20 20 20 20 20 20 20 20 20 20 20 20 20 20 20 20 20 20 20 20 20
     20 20 20 20 20 20 20 20 20 20 20 20 20 20 20 20 20 20 20 20 20 20 2
    0 20 20 20 20 20 20 20 20 20 20 20 20 20 20 20 20 20 20 20 20 20 20 
    20 20 20 20 20 20 20 20 20 20 20 20 20 20 20 20 20 20 20 20 20 20 20
     20 20 20 20 20 20 20 20 20 20 20 20 20 20 20 20 20 20 20 20 20 20 2
    0 20 20 20 20 20 20 20 20 20 20 20 20 20 20 20 20 20 20 20 20 20 20 
    20 20 20 20 20 20 20 20 20 20 20 20 20 20 20 20 20 20 20 20 20 20 20
     20 20 20 20 20 20 20 20 20 20 20 20 20 20 20 20 20 20 20 20 20 20 2
    0 20 20 20 20 20 20 20 20 20 20 20 20 20 20 20 20 20 20 20 20 20 20 
    20 20 20 20 20 20 20 20 20 20 20 20 20 20 20 20 20 20 20 20 20 20 20
     20 20 20 20 20 20 20 20 20 20 20 20 20 20 20 20 20 20 20 20 20 20 2
    0 20 20 20 20 20 20 20 20 20 20 20 20 20 20 20 20 20 20 20 20 20 20 
    20 20 20 20 20 20 20 20 20 20 20 20 20 20 20 20 20 20 20 20 20 20 20
     20 20 20 20 20 20 20 20 20 20 20 20 20 20 20 20 20 20 20 20 20 20 2
    0 20 20 20 20 20 20 20 20 20 20 20 20 20 20 20 20 20 20 20 20 20 20 
    20 20 20 20 20 20 20 20 20 20 20 20 20 20 20 20 20 20 20 20 20 20 20
     20 1b 5b 48 1b 5b 3f 32 35 68 1b 5b 32 20 71 1b 5b 32 20 71 1b 5b 3
    f 32 35 6c 1b 5b 33 38 3b 32 3b 32 32 34 3b 32 32 36 3b 32 33 34 6d 
    1b 5b 34 38 3b 32 3b 32 30 3b 32 32 3b 32 37 6d 20 20 20 20 20 20 20
     20 20 20 20 20 20 20 20 20 20 20 20 20 20 20 20 20 20 20 20 20 20 2
    0 20 20 20 20 20 20 20 20 20 20 20 20 20 20 20 20 20 20 20 20 20 20 
    20 20 20 20 20 20 20 20 20 20 20 20 20 20 20 20 20 20 20 20 20 20 20
     20 20 20 20 20 1b 5b 33 38 3b 32 3b 37 39 3b 38 32 3b 38 38 6d 7e 2
    0 20 20 20 20 20 20 20 20 20 20 20 20 20 20 20 20 20 20 20 20 20 20 
    20 20 20 20 20 20 20 20 20 20 20 20 20 20 20 20 20 20 20 20 20 20 20
     20 20 20 20 20 20 20 20 20 20 20 20 20 20 20 20 20 20 20 20 20 20 2
    0 20 20 20 20 20 20 20 20 20 20 7e 20 20 20 20 20 20 20 20 20 20 20 
    20 20 20 20 20 20 20 20 20 20 20 20 20 20 20 20 20 20 20 20 20 20 20
     20 20 20 20 20 20 20 20 20 20 20 20 20 20 20 20 20 20 20 20 20 20 2
    0 20 20 20 20 20 20 20 20 20 20 20 20 20 20 20 20 20 20 20 20 20 20 
    7e 20 20 20 20 20 20 20 20 20 20 20 20 20 20 20 20 20 20 20 20 20 20
     20 20 20 20 20 20 20 20 20 20 20 20 20 20 1b 5b 33 36 58 1b 5b 33 3
    8 3b 32 3b 31 34 30 3b 32 34 38 3b 32 34 37 6d e2 94 82 20 1b 5b 33 
    38 3b 32 3b 31 37 39 3b 32 34 36 3b 31 39 32 6d e2 95 b2 20 e2 94 82
     e2 94 82 20 20 20 20 20 20 20 20 20 20 20 20 20 20 20 20 20 20 20 2
    0 20 20 20 20 20 20 20 20 20 20 20 20 20 20 20 20 20 1b 5b 33 38 3b 
    32 3b 37 39 3b 38 32 3b 38 38 6d 7e 20 20 20 20 20 20 20 20 20 20 20
     20 20 20 20 20 20 20 20 20 20 20 20 20 20 20 20 20 20 20 20 20 20 2
    0 20 20 1b 5b 33 36 58 1b 5b 33 38 3b 32 3b 31 34 30 3b 32 34 38 3b 
    32 34 37 6d e2 94 82 e2 94 82 1b 5b 33 38 3b 32 3b 31 37 39 3b 32 34
     36 3b 31 39 32 6d e2 95 b2 e2 95 b2 e2 94 82 e2 94 82 20 20 20 20 2
    0 20 20 20 20 20 20 20 20 20 20 20 20 20 20 20 20 20 20 20 20 20 20 
    20 20 20 20 20 20 20 20 20 20 1b 5b 33 38 3b 32 3b 37 39 3b 38 32 3b
     38 38 6d 7e 20 20 20 20 20 20 20 20 20 20 20 20 20 20 20 20 20 20 2
    0 20 20 20 20 20 20 20 20 20 20 20 20 20 20 20 20 20 1b 5b 33 36 58 
    1b 5b 33 38 3b 32 3b 31 34 30 3b 32 34 38 3b 32 34 37 6d e2 94 82 e2
     94 82 20 1b 5b 33 38 3b 32 3b 31 37 39 3b 32 34 36 3b 31 39 32 6d e
    2 95 b2 20 e2 94 82 20 20 20 20 20 20 20 20 20 20 20 20 20 20 20 20 
    20 20 20 20 20 20 20 20 20 20 20 20 20 20 20 20 20 20 20 20 20 1b 5b
     33 38 3b 32 3b 37 39 3b 38 32 3b 38 38 6d 7e 20 20 20 20 20 20 20 2
    0 20 20 20 20 20 20 20 20 20 20 20 20 20 20 20 20 20 20 20 20 20 20 
    20 20 20 20 20 20 20 20 20 20 20 20 20 20 20 20 20 20 20 20 20 20 20
     20 20 20 20 20 20 20 20 20 20 20 20 20 20 20 20 20 20 20 20 20 20 2
    0 20 20 20 7e 20 20 20 20 20 20 20 20 20 20 20 20 20 20 20 20 20 20 
    20 20 20 20 20 20 20 20 20 20 20 20 20 20 20 1b 5b 33 33 58 1b 5b 33
     38 3b 32 3b 31 37 39 3b 32 34 36 3b 31 39 32 6d 4e 56 49 4d 20 76 3
    0 2e 31 32 2e 34 20 20 20 20 20 20 20 20 20 20 20 20 20 20 20 20 20 
    20 20 20 20 20 20 20 20 20 20 20 20 20 20 20 20 20 1b 5b 33 38 3b 32
     3b 37 39 3b 38 32 3b 38 38 6d 7e 20 20 20 20 20 20 20 20 20 20 20 2
    0 20 20 20 20 20 e2 94 80 e2 94 80 e2 94 80 e2 94 80 e2 94 80 e2 94 
    80 e2 94 80 e2 94 80 e2 94 80 e2 94 80 e2 94 80 e2 94 80 e2 94 80 e2
     94 80 e2 94 80 e2 94 80 e2 94 80 e2 94 80 e2 94 80 e2 94 80 e2 94 8
    0 e2 94 80 e2 94 80 e2 94 80 e2 94 80 e2 94 80 e2 94 80 e2 94 80 e2 
    94 80 e2 94 80 e2 94 80 e2 94 80 e2 94 80 e2 94 80 e2 94 80 e2 94 80
     e2 94 80 e2 94 80 e2 94 80 e2 94 80 e2 94 80 e2 94 80 e2 94 80 e2 9
    4 80 20 20 20 20 20 20 20 20 20 20 20 20 20 20 20 20 20 20 7e 20 20 
    20 20 20 20 20 20 20 20 20 20 20 20 20 20 20 1b 5b 31 37 58 1b 5b 33
     38 3b 32 3b 32 32 34 3b 32 32 36 3b 32 33 34 6d 4e 76 69 6d 20 69 7
    3 20 6f 70 65 6e 20 73 6f 75 72 63 65 20 61 6e 64 20 66 72 65 65 6c 
    79 20 64 69 73 74 72 69 62 75 74 61 62 6c 65 20 20 20 20 20 20 20 20
     20 20 20 20 20 20 20 20 20 20 1b 5b 33 38 3b 32 3b 37 39 3b 38 32 3
    b 38 38 6d 7e 20 20 20 20 20 20 20 20 20 20 20 20 20 20 20 20 20 20 
    20 20 20 20 20 20 20 20 20 1b 5b 32 37 58 1b 5b 33 38 3b 32 3b 32 32
     34 3b 32 32 36 3b 32 33 34 6d 68 74 74 70 73 3a 2f 2f 6e 65 6f 76 6
    9 6d 2e 69 6f 2f 23 63 68 61 74 20 20 20 20 20 20 20 20 20 20 20 20 
    20 20 20 20 20 20 20 20 20 20 20 20 20 20 20 20 20 1b 5b 33 38 3b 32
     3b 37 39 3b 38 32 3b 38 38 6d 7e 20 20 20 20 20 20 20 20 20 20 20 2
    0 20 20 20 20 20 e2 94 80 e2 94 80 e2 94 80 e2 94 80 e2 94 80 e2 94 
    80 e2 94 80 e2 94 80 e2 94 80 e2 94 80 e2 94 80 e2 94 80 e2 94 80 e2
     94 80 e2 94 80 e2 94 80 e2 94 80 e2 94 80 e2 94 80 e2 94 80 e2 94 8
    0 e2 94 80 e2 94 80 e2 94 80 e2 94 80 e2 94 80 e2 94 80 e2 94 80 e2 
    94 80 e2 94 80 e2 94 80 e2 94 80 e2 94 80 e2 94 80 e2 94 80 e2 94 80
     e2 94 80 e2 94 80 e2 94 80 e2 94 80 e2 94 80 e2 94 80 e2 94 80 e2 9
    4 80 20 20 20 20 20 20 20 20 20 20 20 20 20 20 20 20 20 20 7e 20 20 
    20 20 20 20 20 20 20 20 20 20 20 20 20 20 20 1b 5b 31 37 58 1b 5b 33
     38 3b 32 3b 32 32 34 3b 32 32 36 3b 32 33 34 6d 74 79 70 65 20 20 1
    b 5b 33 38 3b 32 3b 31 34 30 3b 32 34 38 3b 32 34 37 6d 3a 1b 5b 33 
    38 3b 32 3b 31 36 36 3b 32 31 39 3b 32 35 35 6d 68 65 6c 70 20 6e 76
     69 6d 1b 5b 33 38 3b 32 3b 31 34 30 3b 32 34 38 3b 32 34 37 6d 3c 4
    5 6e 74 65 72 3e 20 20 20 20 20 1b 5b 33 38 3b 32 3b 32 32 34 3b 32 
    32 36 3b 32 33 34 6d 69 66 20 79 6f 75 20 61 72 65 20 6e 65 77 21 20
     20 20 20 20 20 20 20 20 20 20 20 20 20 20 20 20 20 20 1b 5b 33 38 3
    b 32 3b 37 39 3b 38 32 3b 38 38 6d 7e 20 20 20 20 20 20 20 20 20 20 
    20 20 20 20 20 20 20 1b 5b 31 37 58 1b 5b 33 38 3b 32 3b 32 32 34 3b
     32 32 36 3b 32 33 34 6d 74 79 70 65 20 20 1b 5b 33 38 3b 32 3b 31 3
    4 30 3b 32 34 38 3b 32 34 37 6d 3a 1b 5b 33 38 3b 32 3b 31 36 36 3b 
    32 31 39 3b 32 35 35 6d 63 68 65 63 6b 68 65 61 6c 74 68 1b 5b 33 38
     3b 32 3b 31 34 30 3b 32 34 38 3b 32 34 37 6d 3c 45 6e 74 65 72 3e 2
    0 20 20 1b 5b 33 38 3b 32 3b 32 32 34 3b 32 32 36 3b 32 33 34 6d 74 
    6f 20 6f 70 74 69 6d 69 7a 65 20 4e 76 69 6d 20 20 20 20 20 20 20 20
     20 20 20 20 20 20 20 20 20 20 1b 5b 33 38 3b 32 3b 37 39 3b 38 32 3
    b 38 38 6d 7e 20 20 20 20 20 20 20 20 20 20 20 20 20 20 20 20 20 1b 
    5b 31 37 58 1b 5b 33 38 3b 32 3b 32 32 34 3b 32 32 36 3b 32 33 34 6d
     74 79 70 65 20 20 1b 5b 33 38 3b 32 3b 31 34 30 3b 32 34 38 3b 32 3
    4 37 6d 3a 1b 5b 33 38 3b 32 3b 31 36 36 3b 32 31 39 3b 32 35 35 6d 
    71 1b 5b 33 38 3b 32 3b 31 34 30 3b 32 34 38 3b 32 34 37 6d 3c 45 6e
     74 65 72 3e 20 20 20 20 20 20 20 20 20 20 20 20 20 1b 5b 31 33 58 1
    b 5b 33 38 3b 32 3b 32 32 34 3b 32 32 36 3b 32 33 34 6d 74 6f 20 65 
    78 69 74 20 20 20 20 20 20 20 20 20 20 20 20 20 20 20 20 20 20 20 20
     20 20 20 20 20 20 20 1b 5b 33 38 3b 32 3b 37 39 3b 38 32 3b 38 38 6
    d 7e 20 20 20 20 20 20 20 20 20 20 20 20 20 20 20 20 20 1b 5b 31 37 
    58 1b 5b 33 38 3b 32 3b 32 32 34 3b 32 32 36 3b 32 33 34 6d 74 79 70
     65 20 20 1b 5b 33 38 3b 32 3b 31 34 30 3b 32 34 38 3b 32 34 37 6d 3
    a 1b 5b 33 38 3b 32 3b 31 36 36 3b 32 31 39 3b 32 35 35 6d 68 65 6c 
    70 1b 5b 33 38 3b 32 3b 31 34 30 3b 32 34 38 3b 32 34 37 6d 3c 45 6e
     74 65 72 3e 20 20 20 20 20 20 20 20 20 20 1b 5b 31 30 58 1b 5b 33 3
    8 3b 32 3b 32 32 34 3b 32 32 36 3b 32 33 34 6d 66 6f 72 20 68 65 6c 
    70 20 20 20 20 20 20 20 20 20 20 20 20 20 20 20 20 20 20 20 20 20 20
     20 20 20 20 1b 5b 33 38 3b 32 3b 37 39 3b 38 32 3b 38 38 6d 7e 20 2
    0 20 20 20 20 20 20 20 20 20 20 20 20 20 20 20 e2 94 80 e2 94 80 e2 
    94 80 e2 94 80 e2 94 80 e2 94 80 e2 94 80 e2 94 80 e2 94 80 e2 94 80
     e2 94 80 e2 94 80 e2 94 80 e2 94 80 e2 94 80 e2 94 80 e2 94 80 e2 9
    4 80 e2 94 80 e2 94 80 e2 94 80 e2 94 80 e2 94 80 e2 94 80 e2 94 80 
    e2 94 80 e2 94 80 e2 94 80 e2 94 80 e2 94 80 e2 94 80 e2 94 80 e2 94
     80 e2 94 80 e2 94 80 e2 94 80 e2 94 80 e2 94 80 e2 94 80 e2 94 80 e
    2 94 80 e2 94 80 e2 94 80 e2 94 80 20 20 20 20 20 20 20 20 20 20 20 
    20 20 20 20 20 20 20 7e 20 20 20 20 20 20 20 20 20 20 20 20 20 20 20
     20 20 1b 5b 31 37 58 1b 5b 33 38 3b 32 3b 32 32 34 3b 32 32 36 3b 3
    2 33 34 6d 74 79 70 65 20 20 1b 5b 33 38 3b 32 3b 31 34 30 3b 32 34 
    38 3b 32 34 37 6d 3a 1b 5b 33 38 3b 32 3b 31 36 36 3b 32 31 39 3b 32
     35 35 6d 68 65 6c 70 20 6e 65 77 73 1b 5b 33 38 3b 32 3b 31 34 30 3
    b 32 34 38 3b 32 34 37 6d 3c 45 6e 74 65 72 3e 20 20 20 20 20 1b 5b 
    33 38 3b 32 3b 32 32 34 3b 32 32 36 3b 32 33 34 6d 66 6f 72 20 76 30
     2e 31 32 20 6e 6f 74 65 73 20 20 20 20 20 20 20 20 20 20 20 20 20 2
    0 20 20 20 20 20 1b 5b 33 38 3b 32 3b 37 39 3b 38 32 3b 38 38 6d 7e 
    20 20 20 20 20 20 20 20 20 20 20 20 20 20 20 20 20 e2 94 80 e2 94 80
     e2 94 80 e2 94 80 e2 94 80 e2 94 80 e2 94 80 e2 94 80 e2 94 80 e2 9
    4 80 e2 94 80 e2 94 80 e2 94 80 e2 94 80 e2 94 80 e2 94 80 e2 94 80 
    e2 94 80 e2 94 80 e2 94 80 e2 94 80 e2 94 80 e2 94 80 e2 94 80 e2 94
     80 e2 94 80 e2 94 80 e2 94 80 e2 94 80 e2 94 80 e2 94 80 e2 94 80 e
    2 94 80 e2 94 80 e2 94 80 e2 94 80 e2 94 80 e2 94 80 e2 94 80 e2 94 
    80 e2 94 80 e2 94 80 e2 94 80 e2 94 80 20 20 20 20 20 20 20 20 20 20
     20 20 20 20 20 20 20 20 7e 20 20 20 20 20 20 20 20 20 20 20 20 20 2
    0 20 20 20 20 20 20 20 20 20 20 1b 5b 32 34 58 1b 5b 33 38 3b 32 3b 
    32 32 34 3b 32 32 36 3b 32 33 34 6d 48 65 6c 70 20 70 6f 6f 72 20 63
     68 69 6c 64 72 65 6e 20 69 6e 20 55 67 61 6e 64 61 21 20 20 20 20 2
    0 20 20 20 20 20 20 20 20 20 20 20 20 20 20 20 20 20 20 20 20 20 1b 
    5b 33 38 3b 32 3b 37 39 3b 38 32 3b 38 38 6d 7e 20 20 20 20 20 20 20
     20 20 20 20 20 20 20 20 20 20 1b 5b 31 37 58 1b 5b 33 38 3b 32 3b 3
    2 32 34 3b 32 32 36 3b 32 33 34 6d 74 79 70 65 20 20 1b 5b 33 38 3b 
    32 3b 31 34 30 3b 32 34 38 3b 32 34 37 6d 3a 1b 5b 33 38 3b 32 3b 31
     36 36 3b 32 31 39 3b 32 35 35 6d 68 65 6c 70 20 4b 75 77 61 73 68 6
    1 1b 5b 33 38 3b 32 3b 31 34 30 3b 32 34 38 3b 32 34 37 6d 3c 45 6e 
    74 65 72 3e 20 20 1b 5b 33 38 3b 32 3b 32 32 34 3b 32 32 36 3b 32 33
     34 6d 66 6f 72 20 69 6e 66 6f 72 6d 61 74 69 6f 6e 20 20 20 20 20 2
    0 20 20 20 20 20 20 20 20 20 20 20 20 20 1b 5b 33 38 3b 32 3b 37 39 
    3b 38 32 3b 38 38 6d 7e 20 20 20 20 20 20 20 20 20 20 20 20 20 20 20
     20 20 20 20 20 20 20 20 20 20 20 20 20 20 20 20 20 20 20 20 20 20 2
    0 20 20 20 20 20 20 20 20 20 20 20 20 20 20 20 20 20 20 20 20 20 20 
    20 20 20 20 20 20 20 20 20 20 20 20 20 20 20 20 20 20 20 1b 5b 33 38
     3b 32 3b 32 32 34 3b 32 32 36 3b 32 33 34 6d 1b 5b 34 38 3b 32 3b 3
    7 39 3b 38 32 3b 38 38 6d 5b 4e 6f 20 4e 61 6d 65 5d 20 20 20 20 20 
    20 20 20 20 20 20 20 20 20 20 20 20 20 20 20 20 20 20 20 20 20 20 20
     20 20 20 20 20 20 20 20 20 20 20 20 20 20 20 20 20 20 20 20 20 20 2
    0 20 20 30 2c 30 2d 31 20 20 20 20 20 20 20 20 20 20 41 6c 6c 1b 5b 
    34 38 3b 32 3b 32 30 3b 32 32 3b 32 37 6d 20 20 20 20 20 20 20 20 20
     20 20 20 20 20 20 20 20 20 20 20 20 20 20 20 20 20 20 20 20 20 20 2
    0 20 20 20 20 20 20 20 20 20 20 20 20 20 20 20 20 20 20 20 20 20 20 
    20 20 20 20 20 20 20 20 20 20 20 20 20 20 20 20 20 20 20 20 20 20 20
     20 20 20 1b 5b 48 1b 5b 3f 32 35 68 1b 5b 3f 31 30 30 34 68 1b 5b 6
    d

== scripted stream
  sent:     ihello world\x1b0x
  settled:  true
  bytes:    458
  escaped:
    \x1b[2 q\x1b[?25l\x1b[38;2;224;226;234m\x1b[48;2;20;22;27mhello worl
    d\x1b[38;2;79;82;88m\x1b[4;38H      \x1b[5;38H      \x1b[6;38H      
    \x1b[8;35H\x1b[12X\x1b[9;19H\x1b[44X\x0a\x1b[44X\x1b[11;29H\x1b[23X\
    x1b[12;19H\x1b[44X\x0a\x1b[44X\x0a\x1b[44X\x0a\x1b[44X\x0a\x1b[44X\x
    0a\x1b[44X\x0a\x1b[44X\x0a\x1b[44X\x1b[20;26H\x1b[29X\x1b[21;19H\x1b
    [44X\x1b[38;2;224;226;234m\x1b[48;2;79;82;88m\x1b[23;11H[+]         
                                            1,1  \x1b[48;2;20;22;27m\x0d
    \x0a\x1b[12X\x1b[69Cx\x1b[H\x1b[?25h\x1b[4 q\x1b[2 q\x1b[?25l\x1b[m\
    x1b[38;2;224;226;234m\x1b[48;2;20;22;27mello world \x1b[24;70H  \x1b
    [H\x1b[?25h
  hex:
    1b 5b 32 20 71 1b 5b 3f 32 35 6c 1b 5b 33 38 3b 32 3b 32 32 34 3b 32
     32 36 3b 32 33 34 6d 1b 5b 34 38 3b 32 3b 32 30 3b 32 32 3b 32 37 6
    d 68 65 6c 6c 6f 20 77 6f 72 6c 64 1b 5b 33 38 3b 32 3b 37 39 3b 38 
    32 3b 38 38 6d 1b 5b 34 3b 33 38 48 20 20 20 20 20 20 1b 5b 35 3b 33
     38 48 20 20 20 20 20 20 1b 5b 36 3b 33 38 48 20 20 20 20 20 20 1b 5
    b 38 3b 33 35 48 1b 5b 31 32 58 1b 5b 39 3b 31 39 48 1b 5b 34 34 58 
    0a 1b 5b 34 34 58 1b 5b 31 31 3b 32 39 48 1b 5b 32 33 58 1b 5b 31 32
     3b 31 39 48 1b 5b 34 34 58 0a 1b 5b 34 34 58 0a 1b 5b 34 34 58 0a 1
    b 5b 34 34 58 0a 1b 5b 34 34 58 0a 1b 5b 34 34 58 0a 1b 5b 34 34 58 
    0a 1b 5b 34 34 58 1b 5b 32 30 3b 32 36 48 1b 5b 32 39 58 1b 5b 32 31
     3b 31 39 48 1b 5b 34 34 58 1b 5b 33 38 3b 32 3b 32 32 34 3b 32 32 3
    6 3b 32 33 34 6d 1b 5b 34 38 3b 32 3b 37 39 3b 38 32 3b 38 38 6d 1b 
    5b 32 33 3b 31 31 48 5b 2b 5d 20 20 20 20 20 20 20 20 20 20 20 20 20
     20 20 20 20 20 20 20 20 20 20 20 20 20 20 20 20 20 20 20 20 20 20 2
    0 20 20 20 20 20 20 20 20 20 20 20 20 20 31 2c 31 20 20 1b 5b 34 38 
    3b 32 3b 32 30 3b 32 32 3b 32 37 6d 0d 0a 1b 5b 31 32 58 1b 5b 36 39
     43 78 1b 5b 48 1b 5b 3f 32 35 68 1b 5b 34 20 71 1b 5b 32 20 71 1b 5
    b 3f 32 35 6c 1b 5b 6d 1b 5b 33 38 3b 32 3b 32 32 34 3b 32 32 36 3b 
    32 33 34 6d 1b 5b 34 38 3b 32 3b 32 30 3b 32 32 3b 32 37 6d 65 6c 6c
     6f 20 77 6f 72 6c 64 20 1b 5b 32 34 3b 37 30 48 20 20 1b 5b 48 1b 5
    b 3f 32 35 68

== parsed grid after the script
  cursor:         row 0 col 0
  parser size:    24 rows 80 cols
  contents lines: 1
  contents:
    |ello world                                                                      ~                                                                               ~                                                                               ~                                                                               ~                                                                               ~                                                                               ~                                                                               ~                                                                               ~                                                                               ~                                                                               ~                                                                               ~                                                                               ~                                                                               ~                                                                               ~                                                                               ~                                                                               ~                                                                               ~                                                                               ~                                                                               ~                                                                               ~                                                                               ~                                                                               [No Name] [+]                                                 1,1            All
  cells:
    |ello world
    |~
    |~
    |~
    |~
    |~
    |~
    |~
    |~
    |~
    |~
    |~
    |~
    |~
    |~
    |~
    |~
    |~
    |~
    |~
    |~
    |~
    |[No Name] [+]                                                 1,1            All
    |

== resize 80x24 to 100x30
  first byte:  1.2234ms
  last byte:   11.7633ms
  sampled at:  200µs resolution
  bytes:       3541
  bytes:    3541
  escaped:
    \x1b[?25l\x1b[8;30;100t\x1b[m\x1b[38;2;224;226;234m\x1b[48;2;20;22;2
    7mello world                                                        
                                      \x1b[38;2;79;82;88m~              
                                                                        
                     ~                                                  
                                                     ~                  
                                                                        
                 ~                                                      
                                                 ~                      
                                                                        
             ~                                                          
                                             ~                          
                                                                        
         ~                                                              
                                         ~                              
                                                                        
     ~                                                                  
                                     ~                                  
                                                                     ~  
                                                                        
                                 ~                                      
                                                                 ~      
                                                                        
                             ~                                          
                                                             ~          
                                                                        
                         ~                                              
                                                         ~              
                                                                        
                     ~                                                  
                                                     ~                  
                                                                        
                 ~                                                      
                                                 \x1b[38;2;224;226;234m\
    x1b[48;2;79;82;88m[No Name] [+]                                     
                1,1            All                    \x1b[48;2;20;22;27
    m                                                                   
                                     \x0d\x0a\x1b[K\x0d\x0a\x1b[K\x0d\x0
    a\x1b[K\x0d\x0a\x1b[K\x0d\x0a\x1b[K\x0d\x0a\x1b[K\x1b[H\x1b[?25h\x1b
    [m\x1b[?25l\x1b[2J\x1b[2 q\x1b[2 q\x1b[38;2;224;226;234m\x1b[48;2;20
    ;22;27mello world\x1b[K\x1b[38;2;79;82;88m\x0d\x0a~\x1b[K\x0d\x0a~\x
    1b[K\x0d\x0a~\x1b[K\x0d\x0a~\x1b[K\x0d\x0a~\x1b[K\x0d\x0a~\x1b[K\x0d
    \x0a~\x1b[K\x0d\x0a~\x1b[K\x0d\x0a~\x1b[K\x0d\x0a~\x1b[K\x0d\x0a~\x1
    b[K\x0d\x0a~\x1b[K\x0d\x0a~\x1b[K\x0d\x0a~\x1b[K\x0d\x0a~\x1b[K\x0d\
    x0a~\x1b[K\x0d\x0a~\x1b[K\x0d\x0a~\x1b[K\x0d\x0a~\x1b[K\x0d\x0a~\x1b
    [K\x0d\x0a~\x1b[K\x0d\x0a~                                          
                                                             ~          
                                                                        
                         ~                                              
                                                         ~              
                                                                        
                     ~                                                  
                                                     ~                  
                                                                        
                 \x1b[38;2;224;226;234m\x1b[48;2;79;82;88m[No Name] [+] 
                                                                        
    1,1            All\x1b[48;2;20;22;27m\x0d\x0a\x1b[K\x1b[H\x1b[?25h
  hex:
    1b 5b 3f 32 35 6c 1b 5b 38 3b 33 30 3b 31 30 30 74 1b 5b 6d 1b 5b 33
     38 3b 32 3b 32 32 34 3b 32 32 36 3b 32 33 34 6d 1b 5b 34 38 3b 32 3
    b 32 30 3b 32 32 3b 32 37 6d 65 6c 6c 6f 20 77 6f 72 6c 64 20 20 20 
    20 20 20 20 20 20 20 20 20 20 20 20 20 20 20 20 20 20 20 20 20 20 20
     20 20 20 20 20 20 20 20 20 20 20 20 20 20 20 20 20 20 20 20 20 20 2
    0 20 20 20 20 20 20 20 20 20 20 20 20 20 20 20 20 20 20 20 20 20 20 
    20 20 20 20 20 20 20 20 20 20 20 20 20 20 20 20 20 20 20 1b 5b 33 38
     3b 32 3b 37 39 3b 38 32 3b 38 38 6d 7e 20 20 20 20 20 20 20 20 20 2
    0 20 20 20 20 20 20 20 20 20 20 20 20 20 20 20 20 20 20 20 20 20 20 
    20 20 20 20 20 20 20 20 20 20 20 20 20 20 20 20 20 20 20 20 20 20 20
     20 20 20 20 20 20 20 20 20 20 20 20 20 20 20 20 20 20 20 20 20 20 2
    0 20 20 20 20 20 20 20 20 20 20 20 20 20 20 20 20 20 20 20 20 20 7e 
    20 20 20 20 20 20 20 20 20 20 20 20 20 20 20 20 20 20 20 20 20 20 20
     20 20 20 20 20 20 20 20 20 20 20 20 20 20 20 20 20 20 20 20 20 20 2
    0 20 20 20 20 20 20 20 20 20 20 20 20 20 20 20 20 20 20 20 20 20 20 
    20 20 20 20 20 20 20 20 20 20 20 20 20 20 20 20 20 20 20 20 20 20 20
     20 20 20 20 20 20 20 20 7e 20 20 20 20 20 20 20 20 20 20 20 20 20 2
    0 20 20 20 20 20 20 20 20 20 20 20 20 20 20 20 20 20 20 20 20 20 20 
    20 20 20 20 20 20 20 20 20 20 20 20 20 20 20 20 20 20 20 20 20 20 20
     20 20 20 20 20 20 20 20 20 20 20 20 20 20 20 20 20 20 20 20 20 20 2
    0 20 20 20 20 20 20 20 20 20 20 20 20 20 20 20 20 20 7e 20 20 20 20 
    20 20 20 20 20 20 20 20 20 20 20 20 20 20 20 20 20 20 20 20 20 20 20
     20 20 20 20 20 20 20 20 20 20 20 20 20 20 20 20 20 20 20 20 20 20 2
    0 20 20 20 20 20 20 20 20 20 20 20 20 20 20 20 20 20 20 20 20 20 20 
    20 20 20 20 20 20 20 20 20 20 20 20 20 20 20 20 20 20 20 20 20 20 20
     20 20 20 20 7e 20 20 20 20 20 20 20 20 20 20 20 20 20 20 20 20 20 2
    0 20 20 20 20 20 20 20 20 20 20 20 20 20 20 20 20 20 20 20 20 20 20 
    20 20 20 20 20 20 20 20 20 20 20 20 20 20 20 20 20 20 20 20 20 20 20
     20 20 20 20 20 20 20 20 20 20 20 20 20 20 20 20 20 20 20 20 20 20 2
    0 20 20 20 20 20 20 20 20 20 20 20 20 20 7e 20 20 20 20 20 20 20 20 
    20 20 20 20 20 20 20 20 20 20 20 20 20 20 20 20 20 20 20 20 20 20 20
     20 20 20 20 20 20 20 20 20 20 20 20 20 20 20 20 20 20 20 20 20 20 2
    0 20 20 20 20 20 20 20 20 20 20 20 20 20 20 20 20 20 20 20 20 20 20 
    20 20 20 20 20 20 20 20 20 20 20 20 20 20 20 20 20 20 20 20 20 20 20
     7e 20 20 20 20 20 20 20 20 20 20 20 20 20 20 20 20 20 20 20 20 20 2
    0 20 20 20 20 20 20 20 20 20 20 20 20 20 20 20 20 20 20 20 20 20 20 
    20 20 20 20 20 20 20 20 20 20 20 20 20 20 20 20 20 20 20 20 20 20 20
     20 20 20 20 20 20 20 20 20 20 20 20 20 20 20 20 20 20 20 20 20 20 2
    0 20 20 20 20 20 20 20 20 20 7e 20 20 20 20 20 20 20 20 20 20 20 20 
    20 20 20 20 20 20 20 20 20 20 20 20 20 20 20 20 20 20 20 20 20 20 20
     20 20 20 20 20 20 20 20 20 20 20 20 20 20 20 20 20 20 20 20 20 20 2
    0 20 20 20 20 20 20 20 20 20 20 20 20 20 20 20 20 20 20 20 20 20 20 
    20 20 20 20 20 20 20 20 20 20 20 20 20 20 20 20 20 20 20 7e 20 20 20
     20 20 20 20 20 20 20 20 20 20 20 20 20 20 20 20 20 20 20 20 20 20 2
    0 20 20 20 20 20 20 20 20 20 20 20 20 20 20 20 20 20 20 20 20 20 20 
    20 20 20 20 20 20 20 20 20 20 20 20 20 20 20 20 20 20 20 20 20 20 20
     20 20 20 20 20 20 20 20 20 20 20 20 20 20 20 20 20 20 20 20 20 20 2
    0 20 20 20 20 20 7e 20 20 20 20 20 20 20 20 20 20 20 20 20 20 20 20 
    20 20 20 20 20 20 20 20 20 20 20 20 20 20 20 20 20 20 20 20 20 20 20
     20 20 20 20 20 20 20 20 20 20 20 20 20 20 20 20 20 20 20 20 20 20 2
    0 20 20 20 20 20 20 20 20 20 20 20 20 20 20 20 20 20 20 20 20 20 20 
    20 20 20 20 20 20 20 20 20 20 20 20 20 20 20 7e 20 20 20 20 20 20 20
     20 20 20 20 20 20 20 20 20 20 20 20 20 20 20 20 20 20 20 20 20 20 2
    0 20 20 20 20 20 20 20 20 20 20 20 20 20 20 20 20 20 20 20 20 20 20 
    20 20 20 20 20 20 20 20 20 20 20 20 20 20 20 20 20 20 20 20 20 20 20
     20 20 20 20 20 20 20 20 20 20 20 20 20 20 20 20 20 20 20 20 20 20 2
    0 20 7e 20 20 20 20 20 20 20 20 20 20 20 20 20 20 20 20 20 20 20 20 
    20 20 20 20 20 20 20 20 20 20 20 20 20 20 20 20 20 20 20 20 20 20 20
     20 20 20 20 20 20 20 20 20 20 20 20 20 20 20 20 20 20 20 20 20 20 2
    0 20 20 20 20 20 20 20 20 20 20 20 20 20 20 20 20 20 20 20 20 20 20 
    20 20 20 20 20 20 20 20 20 20 20 7e 20 20 20 20 20 20 20 20 20 20 20
     20 20 20 20 20 20 20 20 20 20 20 20 20 20 20 20 20 20 20 20 20 20 2
    0 20 20 20 20 20 20 20 20 20 20 20 20 20 20 20 20 20 20 20 20 20 20 
    20 20 20 20 20 20 20 20 20 20 20 20 20 20 20 20 20 20 20 20 20 20 20
     20 20 20 20 20 20 20 20 20 20 20 20 20 20 20 20 20 20 20 20 7e 20 2
    0 20 20 20 20 20 20 20 20 20 20 20 20 20 20 20 20 20 20 20 20 20 20 
    20 20 20 20 20 20 20 20 20 20 20 20 20 20 20 20 20 20 20 20 20 20 20
     20 20 20 20 20 20 20 20 20 20 20 20 20 20 20 20 20 20 20 20 20 20 2
    0 20 20 20 20 20 20 20 20 20 20 20 20 20 20 20 20 20 20 20 20 20 20 
    20 20 20 20 20 20 20 7e 20 20 20 20 20 20 20 20 20 20 20 20 20 20 20
     20 20 20 20 20 20 20 20 20 20 20 20 20 20 20 20 20 20 20 20 20 20 2
    0 20 20 20 20 20 20 20 20 20 20 20 20 20 20 20 20 20 20 20 20 20 20 
    20 20 20 20 20 20 20 20 20 20 20 20 20 20 20 20 20 20 20 20 20 20 20
     20 20 20 20 20 20 20 20 20 20 20 20 20 20 20 20 7e 20 20 20 20 20 2
    0 20 20 20 20 20 20 20 20 20 20 20 20 20 20 20 20 20 20 20 20 20 20 
    20 20 20 20 20 20 20 20 20 20 20 20 20 20 20 20 20 20 20 20 20 20 20
     20 20 20 20 20 20 20 20 20 20 20 20 20 20 20 20 20 20 20 20 20 20 2
    0 20 20 20 20 20 20 20 20 20 20 20 20 20 20 20 20 20 20 20 20 20 20 
    20 20 20 7e 20 20 20 20 20 20 20 20 20 20 20 20 20 20 20 20 20 20 20
     20 20 20 20 20 20 20 20 20 20 20 20 20 20 20 20 20 20 20 20 20 20 2
    0 20 20 20 20 20 20 20 20 20 20 20 20 20 20 20 20 20 20 20 20 20 20 
    20 20 20 20 20 20 20 20 20 20 20 20 20 20 20 20 20 20 20 20 20 20 20
     20 20 20 20 20 20 20 20 20 20 20 20 7e 20 20 20 20 20 20 20 20 20 2
    0 20 20 20 20 20 20 20 20 20 20 20 20 20 20 20 20 20 20 20 20 20 20 
    20 20 20 20 20 20 20 20 20 20 20 20 20 20 20 20 20 20 20 20 20 20 20
     20 20 20 20 20 20 20 20 20 20 20 20 20 20 20 20 20 20 20 20 20 20 2
    0 20 20 20 20 20 20 20 20 20 20 20 20 20 20 20 20 20 20 20 20 20 7e 
    20 20 20 20 20 20 20 20 20 20 20 20 20 20 20 20 20 20 20 20 20 20 20
     20 20 20 20 20 20 20 20 20 20 20 20 20 20 20 20 20 20 20 20 20 20 2
    0 20 20 20 20 20 20 20 20 20 20 20 20 20 20 20 20 20 20 20 20 20 20 
    20 20 20 20 20 20 20 20 20 20 20 20 20 20 20 20 20 20 20 20 20 20 20
     20 20 20 20 20 20 20 20 7e 20 20 20 20 20 20 20 20 20 20 20 20 20 2
    0 20 20 20 20 20 20 20 20 20 20 20 20 20 20 20 20 20 20 20 20 20 20 
    20 20 20 20 20 20 20 20 20 20 20 20 20 20 20 20 20 20 20 20 20 20 20
     20 20 20 20 20 20 20 20 20 20 20 20 20 20 20 20 20 20 20 20 20 20 2
    0 20 20 20 20 20 20 20 20 20 20 20 20 20 20 20 20 20 7e 20 20 20 20 
    20 20 20 20 20 20 20 20 20 20 20 20 20 20 20 20 20 20 20 20 20 20 20
     20 20 20 20 20 20 20 20 20 20 20 20 20 20 20 20 20 20 20 20 20 20 2
    0 20 20 20 20 20 20 20 20 20 20 20 20 20 20 20 20 20 20 20 20 20 20 
    20 20 20 20 20 20 20 20 20 20 20 20 20 20 20 20 20 20 20 20 20 20 20
     20 20 20 20 1b 5b 33 38 3b 32 3b 32 32 34 3b 32 32 36 3b 32 33 34 6
    d 1b 5b 34 38 3b 32 3b 37 39 3b 38 32 3b 38 38 6d 5b 4e 6f 20 4e 61 
    6d 65 5d 20 5b 2b 5d 20 20 20 20 20 20 20 20 20 20 20 20 20 20 20 20
     20 20 20 20 20 20 20 20 20 20 20 20 20 20 20 20 20 20 20 20 20 20 2
    0 20 20 20 20 20 20 20 20 20 20 31 2c 31 20 20 20 20 20 20 20 20 20 
    20 20 20 41 6c 6c 20 20 20 20 20 20 20 20 20 20 20 20 20 20 20 20 20
     20 20 20 1b 5b 34 38 3b 32 3b 32 30 3b 32 32 3b 32 37 6d 20 20 20 2
    0 20 20 20 20 20 20 20 20 20 20 20 20 20 20 20 20 20 20 20 20 20 20 
    20 20 20 20 20 20 20 20 20 20 20 20 20 20 20 20 20 20 20 20 20 20 20
     20 20 20 20 20 20 20 20 20 20 20 20 20 20 20 20 20 20 20 20 20 20 2
    0 20 20 20 20 20 20 20 20 20 20 20 20 20 20 20 20 20 20 20 20 20 20 
    20 20 20 20 20 20 0d 0a 1b 5b 4b 0d 0a 1b 5b 4b 0d 0a 1b 5b 4b 0d 0a
     1b 5b 4b 0d 0a 1b 5b 4b 0d 0a 1b 5b 4b 1b 5b 48 1b 5b 3f 32 35 68 1
    b 5b 6d 1b 5b 3f 32 35 6c 1b 5b 32 4a 1b 5b 32 20 71 1b 5b 32 20 71 
    1b 5b 33 38 3b 32 3b 32 32 34 3b 32 32 36 3b 32 33 34 6d 1b 5b 34 38
     3b 32 3b 32 30 3b 32 32 3b 32 37 6d 65 6c 6c 6f 20 77 6f 72 6c 64 1
    b 5b 4b 1b 5b 33 38 3b 32 3b 37 39 3b 38 32 3b 38 38 6d 0d 0a 7e 1b 
    5b 4b 0d 0a 7e 1b 5b 4b 0d 0a 7e 1b 5b 4b 0d 0a 7e 1b 5b 4b 0d 0a 7e
     1b 5b 4b 0d 0a 7e 1b 5b 4b 0d 0a 7e 1b 5b 4b 0d 0a 7e 1b 5b 4b 0d 0
    a 7e 1b 5b 4b 0d 0a 7e 1b 5b 4b 0d 0a 7e 1b 5b 4b 0d 0a 7e 1b 5b 4b 
    0d 0a 7e 1b 5b 4b 0d 0a 7e 1b 5b 4b 0d 0a 7e 1b 5b 4b 0d 0a 7e 1b 5b
     4b 0d 0a 7e 1b 5b 4b 0d 0a 7e 1b 5b 4b 0d 0a 7e 1b 5b 4b 0d 0a 7e 1
    b 5b 4b 0d 0a 7e 1b 5b 4b 0d 0a 7e 20 20 20 20 20 20 20 20 20 20 20 
    20 20 20 20 20 20 20 20 20 20 20 20 20 20 20 20 20 20 20 20 20 20 20
     20 20 20 20 20 20 20 20 20 20 20 20 20 20 20 20 20 20 20 20 20 20 2
    0 20 20 20 20 20 20 20 20 20 20 20 20 20 20 20 20 20 20 20 20 20 20 
    20 20 20 20 20 20 20 20 20 20 20 20 20 20 20 20 20 20 20 20 7e 20 20
     20 20 20 20 20 20 20 20 20 20 20 20 20 20 20 20 20 20 20 20 20 20 2
    0 20 20 20 20 20 20 20 20 20 20 20 20 20 20 20 20 20 20 20 20 20 20 
    20 20 20 20 20 20 20 20 20 20 20 20 20 20 20 20 20 20 20 20 20 20 20
     20 20 20 20 20 20 20 20 20 20 20 20 20 20 20 20 20 20 20 20 20 20 2
    0 20 20 20 20 20 20 7e 20 20 20 20 20 20 20 20 20 20 20 20 20 20 20 
    20 20 20 20 20 20 20 20 20 20 20 20 20 20 20 20 20 20 20 20 20 20 20
     20 20 20 20 20 20 20 20 20 20 20 20 20 20 20 20 20 20 20 20 20 20 2
    0 20 20 20 20 20 20 20 20 20 20 20 20 20 20 20 20 20 20 20 20 20 20 
    20 20 20 20 20 20 20 20 20 20 20 20 20 20 20 20 7e 20 20 20 20 20 20
     20 20 20 20 20 20 20 20 20 20 20 20 20 20 20 20 20 20 20 20 20 20 2
    0 20 20 20 20 20 20 20 20 20 20 20 20 20 20 20 20 20 20 20 20 20 20 
    20 20 20 20 20 20 20 20 20 20 20 20 20 20 20 20 20 20 20 20 20 20 20
     20 20 20 20 20 20 20 20 20 20 20 20 20 20 20 20 20 20 20 20 20 20 2
    0 20 20 7e 20 20 20 20 20 20 20 20 20 20 20 20 20 20 20 20 20 20 20 
    20 20 20 20 20 20 20 20 20 20 20 20 20 20 20 20 20 20 20 20 20 20 20
     20 20 20 20 20 20 20 20 20 20 20 20 20 20 20 20 20 20 20 20 20 20 2
    0 20 20 20 20 20 20 20 20 20 20 20 20 20 20 20 20 20 20 20 20 20 20 
    20 20 20 20 20 20 20 20 20 20 20 20 7e 20 20 20 20 20 20 20 20 20 20
     20 20 20 20 20 20 20 20 20 20 20 20 20 20 20 20 20 20 20 20 20 20 2
    0 20 20 20 20 20 20 20 20 20 20 20 20 20 20 20 20 20 20 20 20 20 20 
    20 20 20 20 20 20 20 20 20 20 20 20 20 20 20 20 20 20 20 20 20 20 20
     20 20 20 20 20 20 20 20 20 20 20 20 20 20 20 20 20 20 20 20 20 1b 5
    b 33 38 3b 32 3b 32 32 34 3b 32 32 36 3b 32 33 34 6d 1b 5b 34 38 3b 
    32 3b 37 39 3b 38 32 3b 38 38 6d 5b 4e 6f 20 4e 61 6d 65 5d 20 5b 2b
     5d 20 20 20 20 20 20 20 20 20 20 20 20 20 20 20 20 20 20 20 20 20 2
    0 20 20 20 20 20 20 20 20 20 20 20 20 20 20 20 20 20 20 20 20 20 20 
    20 20 20 20 20 20 20 20 20 20 20 20 20 20 20 20 20 20 20 20 20 20 20
     20 20 31 2c 31 20 20 20 20 20 20 20 20 20 20 20 20 41 6c 6c 1b 5b 3
    4 38 3b 32 3b 32 30 3b 32 32 3b 32 37 6d 0d 0a 1b 5b 4b 1b 5b 48 1b 
    5b 3f 32 35 68

== parsed grid after the resize
  cursor:         row 0 col 0
  parser size:    30 rows 100 cols
  contents lines: 23
  contents:
    |ello world
    |~
    |~
    |~
    |~
    |~
    |~
    |~
    |~
    |~
    |~
    |~
    |~
    |~
    |~
    |~
    |~
    |~
    |~
    |~
    |~
    |~
    |~                                                                                                   ~                                                                                                   ~                                                                                                   ~                                                                                                   ~                                                                                                   ~                                                                                                   [No Name] [+]                                                                     1,1            All
  cells:
    |ello world
    |~
    |~
    |~
    |~
    |~
    |~
    |~
    |~
    |~
    |~
    |~
    |~
    |~
    |~
    |~
    |~
    |~
    |~
    |~
    |~
    |~
    |~
    |~
    |~
    |~
    |~
    |~
    |[No Name] [+]                                                                     1,1            All
    |

== engine-driven redraw at the same size (ctrl-l)
  first byte:  7.1029ms
  last byte:   15.2131ms
  sampled at:  200µs resolution
  bytes:       504
  bytes:    504
  escaped:
    \x1b[m\x1b[?25l\x1b[2J\x1b[38;2;224;226;234m\x1b[48;2;20;22;27mello 
    world\x1b[K\x1b[38;2;79;82;88m\x0d\x0a~\x1b[K\x0d\x0a~\x1b[K\x0d\x0a
    ~\x1b[K\x0d\x0a~\x1b[K\x0d\x0a~\x1b[K\x0d\x0a~\x1b[K\x0d\x0a~\x1b[K\
    x0d\x0a~\x1b[K\x0d\x0a~\x1b[K\x0d\x0a~\x1b[K\x0d\x0a~\x1b[K\x0d\x0a~
    \x1b[K\x0d\x0a~\x1b[K\x0d\x0a~\x1b[K\x0d\x0a~\x1b[K\x0d\x0a~\x1b[K\x
    0d\x0a~\x1b[K\x0d\x0a~\x1b[K\x0d\x0a~\x1b[K\x0d\x0a~\x1b[K\x0d\x0a~\
    x1b[K\x0d\x0a~\x1b[K\x0d\x0a~\x1b[K\x0d\x0a~\x1b[K\x0d\x0a~\x1b[K\x0
    d\x0a~\x1b[K\x0d\x0a~\x1b[K\x1b[38;2;224;226;234m\x1b[48;2;79;82;88m
    \x0d\x0a[No Name] [+]                                               
                          1,1            All\x1b[48;2;20;22;27m         
                                                                        
                           \x1b[H\x1b[?25h\x1b[m
  hex:
    1b 5b 6d 1b 5b 3f 32 35 6c 1b 5b 32 4a 1b 5b 33 38 3b 32 3b 32 32 34
     3b 32 32 36 3b 32 33 34 6d 1b 5b 34 38 3b 32 3b 32 30 3b 32 32 3b 3
    2 37 6d 65 6c 6c 6f 20 77 6f 72 6c 64 1b 5b 4b 1b 5b 33 38 3b 32 3b 
    37 39 3b 38 32 3b 38 38 6d 0d 0a 7e 1b 5b 4b 0d 0a 7e 1b 5b 4b 0d 0a
     7e 1b 5b 4b 0d 0a 7e 1b 5b 4b 0d 0a 7e 1b 5b 4b 0d 0a 7e 1b 5b 4b 0
    d 0a 7e 1b 5b 4b 0d 0a 7e 1b 5b 4b 0d 0a 7e 1b 5b 4b 0d 0a 7e 1b 5b 
    4b 0d 0a 7e 1b 5b 4b 0d 0a 7e 1b 5b 4b 0d 0a 7e 1b 5b 4b 0d 0a 7e 1b
     5b 4b 0d 0a 7e 1b 5b 4b 0d 0a 7e 1b 5b 4b 0d 0a 7e 1b 5b 4b 0d 0a 7
    e 1b 5b 4b 0d 0a 7e 1b 5b 4b 0d 0a 7e 1b 5b 4b 0d 0a 7e 1b 5b 4b 0d 
    0a 7e 1b 5b 4b 0d 0a 7e 1b 5b 4b 0d 0a 7e 1b 5b 4b 0d 0a 7e 1b 5b 4b
     0d 0a 7e 1b 5b 4b 0d 0a 7e 1b 5b 4b 1b 5b 33 38 3b 32 3b 32 32 34 3
    b 32 32 36 3b 32 33 34 6d 1b 5b 34 38 3b 32 3b 37 39 3b 38 32 3b 38 
    38 6d 0d 0a 5b 4e 6f 20 4e 61 6d 65 5d 20 5b 2b 5d 20 20 20 20 20 20
     20 20 20 20 20 20 20 20 20 20 20 20 20 20 20 20 20 20 20 20 20 20 2
    0 20 20 20 20 20 20 20 20 20 20 20 20 20 20 20 20 20 20 20 20 20 20 
    20 20 20 20 20 20 20 20 20 20 20 20 20 20 20 20 20 20 31 2c 31 20 20
     20 20 20 20 20 20 20 20 20 20 41 6c 6c 1b 5b 34 38 3b 32 3b 32 30 3
    b 32 32 3b 32 37 6d 20 20 20 20 20 20 20 20 20 20 20 20 20 20 20 20 
    20 20 20 20 20 20 20 20 20 20 20 20 20 20 20 20 20 20 20 20 20 20 20
     20 20 20 20 20 20 20 20 20 20 20 20 20 20 20 20 20 20 20 20 20 20 2
    0 20 20 20 20 20 20 20 20 20 20 20 20 20 20 20 20 20 20 20 20 20 20 
    20 20 20 20 20 20 20 20 20 20 20 20 20 20 20 20 1b 5b 48 1b 5b 3f 32
     35 68 1b 5b 6d

  quit status: Some(ExitStatus { code: 0, signal: None })

== cursor-position request with no editor
  command:  cmd.exe /c echo hi
  status:   Some(ExitStatus { code: 0, signal: None })
  carries the request: true
  bytes:    65
  escaped:
    \x1b[6n\x1b[?9001h\x1b[?1004h\x1b[m\x1b]0;C:\\WINDOWS\\system32\\cmd
    .exe\x07\x1b[?25hhi\x0d\x0a
  hex:
    1b 5b 36 6e 1b 5b 3f 39 30 30 31 68 1b 5b 3f 31 30 30 34 68 1b 5b 6d
     1b 5d 30 3b 43 3a 5c 57 49 4e 44 4f 57 53 5c 73 79 73 74 65 6d 33 3
    2 5c 63 6d 64 2e 65 78 65 07 1b 5b 3f 32 35 68 68 69 0d 0a

== exit code
  painted:     true
  cpr answered: 1
  sent:        :cq 3<CR>
  exit_code(): 3
  success():   false

== clock
  rounds:            200000
  identical pairs:   141606
  smallest non-zero: 100ns
  mean pair cost:    32ns

== teardown
  editor pid:  2692
  cpr answered: 1
  it spawned:  4008 nvim.exe, 1852 conhost.exe, 4180 powershell.exe
  after kill:  editor status Some(ExitStatus { code: 1, signal: None })
  survivors:   none
  kill lever:  per-child only (portable_pty::Child::kill)
